9
Z
4 7
0 0 1 0 0 1 1 
0 0 0 0 0 0 1 
1 1 0 0 1 1 1 
0 1 1 1 1 0 0 
6 4
1 1 0 1 
1 1 1 1 
1 1 0 1 
1 0 1 1 
1 0 0 1 
1 0 0 0 
R
6 4
89 84 64 70 
56 21 23 29 
5 71 58 0 
89 18 97 35 
39 18 28 16 
8 87 39 78 
8 6
81 55 59 31 42 68 
44 32 52 8 54 60 
82 78 42 87 49 0 
39 90 70 36 25 62 
6 5 78 14 44 17 
45 25 72 4 9 66 
24 53 50 77 14 5 
89 96 83 31 35 32 
R
5 5
99 16 20 56 94 
86 0 63 31 25 
87 87 86 54 12 
40 4 41 6 61 
30 54 44 14 89 
9 5
28 98 67 2 4 
81 53 21 1 9 
67 87 9 83 19 
87 70 6 73 76 
18 65 33 59 71 
94 42 77 91 56 
66 19 6 85 22 
10 66 75 83 67 
85 51 55 46 86 
R
3 3
55 76 18 
66 0 64 
8 77 55 
10 4
16 96 75 22 
81 49 33 48 
76 68 15 61 
71 22 60 57 
0 45 14 85 
4 51 40 81 
69 6 33 85 
67 10 41 35 
6 68 58 88 
17 43 88 93 
Z
6 10
0 0 0 0 1 1 1 1 0 0 
0 1 0 1 1 1 0 0 1 0 
0 0 1 0 1 1 1 0 0 1 
1 0 0 0 1 1 1 0 1 1 
1 1 0 1 0 1 0 0 1 1 
1 1 1 0 1 0 1 1 1 1 
9 10
0 0 0 0 0 1 0 1 1 1 
0 0 0 0 1 0 0 1 0 1 
0 1 1 1 0 0 0 1 1 1 
1 0 1 1 0 0 0 0 1 1 
1 0 0 1 0 1 1 0 1 0 
0 1 1 1 1 1 1 1 1 1 
0 0 1 1 1 1 1 1 0 1 
0 1 1 0 1 1 0 0 0 1 
0 0 0 0 1 1 1 0 0 0 
Z
7 7
0 0 1 0 1 0 0 
0 1 1 1 1 0 1 
1 1 1 0 1 1 1 
1 0 0 1 0 1 1 
0 1 0 0 1 1 0 
1 0 0 1 1 0 1 
0 0 0 0 1 1 0 
7 7
1 0 1 0 0 0 1 
0 1 1 0 0 1 1 
0 0 1 1 0 0 0 
1 0 1 0 0 1 0 
0 0 0 1 0 0 1 
0 0 1 1 1 0 1 
1 1 0 1 1 0 0 
R
4 4
33 92 24 61 
62 52 61 26 
24 60 93 13 
22 93 73 80 
4 4
72 40 67 70 
48 22 79 16 
54 88 4 10 
34 94 51 20 
R
8 8
49 32 95 27 56 55 73 69 
77 66 95 9 90 87 76 12 
35 50 91 52 4 79 8 15 
66 3 18 86 89 46 19 90 
78 14 70 35 21 95 56 50 
61 51 59 51 39 35 63 26 
38 54 78 42 85 39 9 3 
42 28 89 83 74 61 26 5 
8 8
75 48 40 49 43 96 99 56 
0 59 7 39 46 22 65 84 
28 96 27 65 35 88 69 29 
16 58 64 43 19 90 0 47 
90 40 96 85 88 47 41 88 
6 0 79 53 74 97 37 2 
93 16 68 28 5 37 57 73 
47 21 68 19 64 68 66 6 
R
3 4
85 41 20 38 
21 73 12 18 
62 67 63 31 
8 3
35 91 88 
24 0 13 
71 73 82 
90 89 2 
8 48 15 
74 92 16 
88 29 9 
8 67 82 
