10
R
8 8
91 81 36 34 77 15 61 86 
78 70 0 14 42 52 51 16 
52 6 57 82 33 4 68 4 
62 2 36 70 65 80 3 8 
62 40 42 39 7 56 26 38 
78 78 4 72 30 55 89 34 
61 46 69 46 2 37 51 65 
91 39 87 8 20 91 16 34 
8 8
83 11 73 90 19 51 28 97 
29 32 69 11 39 58 98 52 
56 67 99 11 56 2 76 47 
41 15 56 13 6 24 47 89 
35 73 32 6 76 12 3 6 
97 25 69 36 83 67 89 92 
86 40 55 42 94 31 42 35 
46 50 1 5 74 0 46 62 
Z
3 5
0 0 1 1 0 
0 1 1 0 1 
1 1 0 1 0 
6 3
0 1 1 
0 0 0 
0 0 0 
0 0 1 
1 0 0 
1 0 0 
R
5 5
80 21 58 89 4 
92 45 71 68 88 
36 46 32 6 98 
28 22 13 50 69 
48 26 11 59 62 
7 5
93 67 32 4 59 
2 84 32 60 25 
37 4 70 60 72 
58 96 18 42 2 
69 71 76 82 73 
98 82 0 9 41 
14 55 60 46 59 
Z
6 6
0 1 0 1 0 1 
1 0 1 1 1 0 
1 0 1 1 0 0 
1 0 0 1 1 1 
0 1 1 1 0 0 
0 0 0 0 1 0 
6 6
1 0 0 1 1 1 
1 0 1 0 0 1 
0 1 1 1 0 0 
0 0 1 1 1 0 
0 1 0 0 0 0 
0 1 0 0 0 0 
R
9 9
23 57 10 7 34 40 88 55 8 
61 35 19 84 68 82 30 60 46 
55 68 78 47 62 73 63 81 34 
49 89 11 8 64 21 70 71 7 
62 12 62 71 25 49 90 9 17 
24 92 30 70 99 98 48 46 13 
22 61 46 8 11 35 19 71 99 
40 93 23 99 56 87 61 27 12 
10 17 73 80 41 17 10 64 16 
9 9
60 64 14 73 86 76 19 46 39 
54 18 10 6 10 3 81 10 59 
68 23 38 32 34 55 5 66 49 
23 28 65 39 88 29 54 14 68 
82 33 14 21 40 84 31 46 95 
86 79 5 98 99 28 36 31 14 
44 88 32 45 11 60 10 3 1 
91 9 15 59 91 48 26 64 40 
10 47 38 57 33 17 14 83 16 
Z
10 10
1 0 0 0 1 1 0 1 0 1 
0 1 0 0 0 1 0 0 1 0 
1 0 0 1 1 0 0 0 1 0 
1 1 0 1 1 1 1 1 0 1 
1 1 1 1 1 1 0 1 0 0 
1 1 0 1 0 1 0 1 1 1 
1 1 0 0 0 1 1 1 1 0 
1 0 1 0 1 0 1 0 1 1 
0 0 1 0 0 1 1 0 0 1 
1 0 0 0 0 0 1 1 0 0 
10 10
1 1 0 0 1 0 0 0 0 1 
0 0 0 1 0 0 0 1 0 1 
0 1 1 0 1 1 1 1 0 1 
1 0 0 0 0 1 0 1 1 0 
0 1 0 0 0 0 0 1 1 0 
0 0 0 1 0 1 0 1 0 0 
0 0 0 0 0 1 1 0 0 1 
0 0 0 0 1 1 0 1 0 1 
0 0 1 0 1 0 1 1 1 0 
1 0 0 0 0 0 1 0 0 1 
Z
6 6
1 0 0 0 0 0 
0 1 0 0 1 0 
1 1 1 0 0 1 
0 0 1 0 1 1 
1 1 1 0 0 1 
1 1 1 0 0 1 
6 6
0 0 1 0 1 0 
0 0 1 1 1 1 
1 1 0 0 1 1 
0 0 0 1 0 0 
1 1 1 0 1 1 
0 1 0 1 1 1 
Z
10 9
1 0 1 1 0 0 0 0 0 
0 0 0 0 1 0 0 1 1 
1 1 1 1 0 0 0 1 0 
0 1 1 0 1 1 0 0 1 
0 1 0 1 1 0 1 0 1 
1 0 0 1 1 0 0 1 0 
0 1 0 0 1 1 1 0 0 
0 0 1 0 0 0 0 1 1 
0 1 1 1 0 1 1 1 1 
1 1 0 0 0 1 0 0 1 
10 9
1 0 1 0 0 1 1 0 1 
1 0 1 0 0 0 0 1 0 
1 1 0 0 0 1 0 0 1 
0 0 0 1 0 0 0 0 0 
1 1 1 0 0 1 1 0 0 
1 0 1 0 0 0 0 0 1 
1 1 1 1 1 0 1 0 0 
1 0 0 1 1 1 0 1 1 
0 1 1 0 0 0 1 0 0 
0 0 0 1 0 1 0 1 0 
R
7 5
62 0 75 55 19 
93 96 3 16 94 
95 40 52 42 19 
36 0 71 54 93 
13 88 72 18 76 
28 6 37 27 37 
73 89 90 49 97 
6 3
61 94 93 
16 62 39 
11 2 91 
5 73 27 
6 97 34 
51 10 22 
Z
5 5
0 1 1 1 1 
1 0 1 0 1 
0 0 1 0 0 
0 1 0 0 0 
0 1 0 1 1 
5 5
0 1 1 1 0 
0 1 0 1 0 
1 0 1 0 0 
0 0 0 1 0 
0 0 1 1 0 
