8
R
3 4
11 84 81 9 
76 93 80 18 
65 4 75 13 
4 3
17 56 96 
31 4 25 
32 60 13 
61 84 41 
R
6 8
8 65 21 93 98 82 21 92 
62 40 9 66 67 22 36 75 
71 19 31 96 51 91 61 12 
28 2 94 89 25 75 51 34 
40 72 79 39 6 0 83 68 
92 44 87 12 19 23 39 90 
7 6
42 71 38 45 14 0 
9 42 2 3 84 28 
78 35 14 71 59 45 
62 65 97 97 85 42 
41 72 54 12 95 93 
54 89 64 93 86 31 
93 95 73 95 99 57 
Z
7 8
0 0 0 0 1 0 0 1 
0 0 1 0 1 0 1 0 
1 0 1 0 1 0 1 0 
0 1 0 0 0 0 0 1 
1 0 1 0 0 1 1 1 
1 1 1 0 1 0 0 0 
0 1 0 0 0 1 0 0 
7 10
0 0 0 1 1 0 0 0 1 1 
0 1 0 0 0 1 1 1 1 0 
0 0 0 0 1 0 0 1 1 1 
1 0 1 0 1 0 0 1 0 1 
0 1 1 0 1 1 1 0 1 0 
0 1 0 0 1 0 0 0 1 1 
1 1 1 0 1 0 1 1 1 1 
Z
9 9
0 1 1 1 0 1 0 1 1 
1 1 1 1 1 1 1 1 1 
0 0 0 0 1 1 1 0 0 
1 1 0 1 1 1 1 1 0 
0 1 1 0 1 0 1 0 0 
1 1 1 0 1 1 0 1 0 
1 1 0 0 0 0 0 1 1 
1 0 0 1 1 0 0 1 1 
1 0 1 1 1 0 0 1 1 
9 9
1 0 0 1 1 1 1 1 1 
1 1 1 1 1 1 1 0 0 
1 1 1 0 0 0 1 1 1 
1 1 1 0 0 1 1 1 0 
0 0 0 0 0 1 1 1 0 
0 0 1 1 0 0 0 0 0 
0 0 1 0 1 0 1 0 0 
0 1 1 0 1 1 0 1 1 
0 0 0 0 1 1 1 0 1 
Z
10 8
1 0 1 1 0 0 1 0 
0 0 1 0 1 1 1 1 
0 1 1 1 1 0 0 1 
0 1 0 1 0 0 0 0 
0 1 1 1 1 0 1 1 
0 1 1 1 0 0 0 0 
1 0 1 1 0 1 0 1 
0 0 0 1 0 0 1 1 
1 0 0 0 0 1 1 0 
0 0 1 0 1 0 1 0 
10 10
0 0 1 0 0 1 1 0 0 1 
1 0 1 0 1 0 0 1 0 0 
1 1 0 1 0 0 0 1 0 1 
1 0 1 1 0 1 0 0 0 0 
1 1 1 1 0 0 1 0 0 0 
1 1 1 1 0 1 1 0 0 1 
1 0 1 1 1 0 0 1 0 0 
0 1 0 1 0 0 1 0 0 1 
0 1 0 1 1 1 1 0 1 1 
0 1 1 1 0 0 1 0 0 1 
Z
6 6
1 1 1 1 0 1 
1 0 1 1 0 1 
0 1 0 0 1 1 
0 0 1 0 0 1 
1 0 1 1 1 1 
0 0 0 1 1 1 
6 6
1 1 1 0 0 1 
1 0 1 1 0 0 
1 1 0 0 1 0 
1 0 0 1 1 0 
0 1 0 1 1 0 
0 0 1 1 0 1 
R
8 10
39 88 96 41 24 21 13 74 4 12 
81 31 62 87 63 24 82 96 50 40 
24 49 17 62 34 62 40 11 37 70 
9 77 58 57 70 83 31 84 9 87 
96 42 18 10 29 33 34 12 29 85 
52 5 86 22 68 21 84 60 84 21 
82 45 98 41 55 69 76 86 5 85 
25 1 79 43 11 8 29 97 72 58 
4 8
34 25 16 73 99 36 46 83 
48 30 4 31 28 55 72 83 
76 0 21 81 37 46 34 16 
41 97 76 70 46 49 81 81 
R
9 8
8 33 82 64 64 10 19 88 
45 47 88 18 28 77 16 14 
93 10 63 70 32 10 19 13 
91 45 14 97 70 99 97 30 
85 31 94 1 94 66 90 39 
13 30 10 94 8 26 60 53 
36 24 23 69 34 94 34 25 
91 49 74 13 0 71 43 37 
54 90 39 48 56 81 88 21 
8 3
11 50 15 
71 76 76 
25 65 0 
0 86 86 
47 20 63 
38 21 37 
52 74 8 
47 63 14 
