4
Z
6 6
1 0 1 1 0 1 
0 1 0 1 0 0 
0 1 1 0 0 1 
1 1 1 0 0 1 
1 1 1 0 0 1 
1 0 1 0 1 1 
7 7
1 1 0 1 0 0 1 
1 1 0 1 1 1 1 
0 0 1 0 1 0 1 
0 1 0 1 0 0 0 
0 1 1 1 1 1 0 
1 1 1 0 0 1 0 
0 1 1 0 1 0 1 
Z
5 5
1 1 0 1 1 
0 1 1 0 1 
0 1 0 0 0 
0 1 1 0 1 
1 0 0 0 1 
5 5
1 0 0 0 0 
0 0 0 1 1 
1 1 0 1 1 
1 1 0 0 0 
1 0 1 0 0 
R
10 10
92 43 60 94 67 90 70 95 94 44 
31 11 41 45 35 4 22 42 39 71 
73 3 19 54 69 63 28 56 33 7 
27 78 2 39 24 21 29 94 68 23 
91 0 87 32 45 22 36 19 16 28 
90 89 83 62 95 53 25 23 61 10 
82 88 40 84 27 64 5 56 11 74 
31 2 26 70 86 23 92 75 42 61 
55 84 50 38 98 46 43 23 21 4 
86 4 44 78 88 71 43 46 79 6 
10 10
72 63 8 98 33 94 73 78 69 15 
39 24 51 41 15 50 39 58 25 61 
15 63 65 59 42 5 83 85 51 14 
91 23 77 51 73 63 97 46 93 19 
13 84 95 65 25 10 15 65 21 92 
78 36 56 43 47 98 48 30 35 52 
97 78 75 26 29 1 89 78 47 34 
97 61 18 93 78 96 3 45 13 24 
37 91 12 93 34 60 43 34 90 78 
86 39 56 14 66 37 15 55 68 62 
R
10 10
12 10 53 8 14 98 21 90 36 12 
55 81 46 15 25 33 57 55 19 97 
64 33 63 1 0 70 21 15 64 87 
90 77 97 96 85 63 94 7 6 82 
71 61 16 18 28 93 3 85 48 22 
34 12 8 49 66 8 20 87 75 84 
26 66 61 24 14 99 39 60 6 45 
43 77 58 11 47 86 4 2 24 4 
25 10 69 85 60 35 45 80 74 21 
16 1 39 30 77 53 29 16 13 87 
10 10
14 8 16 24 71 16 11 27 18 87 
32 95 97 1 80 57 88 78 89 62 
51 58 63 42 88 40 95 69 9 60 
56 23 21 72 47 92 40 10 20 59 
49 52 54 47 5 87 56 93 17 46 
55 68 56 19 10 44 11 57 13 20 
17 21 95 38 45 43 31 86 5 3 
45 55 55 99 54 12 38 10 5 55 
8 60 75 64 31 37 8 43 94 73 
15 64 94 11 2 40 6 85 78 11 
